-0.32764	-0.02197	-32.76367	-0.21973
-0.32422	-0.01953	-32.42188	-0.19531
-0.32275	-0.02197	-32.27539	-0.21973
-0.31934	-0.01953	-31.93359	-0.19531
-0.31689	-0.01953	-31.68945	-0.19531
-0.31396	-0.02197	-31.39648	-0.21973
-0.31201	-0.01953	-31.20117	-0.19531
-0.30908	-0.01953	-30.90820	-0.19531
-0.30713	-0.01953	-30.71289	-0.19531
-0.30371	-0.01953	-30.37109	-0.19531
-0.30249	-0.01953	-30.24902	-0.19531
-0.29883	-0.01953	-29.88281	-0.19531
-0.29639	-0.01953	-29.63867	-0.19531
-0.29468	-0.01953	-29.46777	-0.19531
-0.29150	-0.01953	-29.15039	-0.19531
-0.28833	-0.01709	-28.83301	-0.17090
-0.28564	-0.01953	-28.56445	-0.19531
-0.28271	-0.01953	-28.27148	-0.19531
-0.28101	-0.01709	-28.10059	-0.17090
-0.27832	-0.01709	-27.83203	-0.17090
-0.27661	-0.01709	-27.66113	-0.17090
-0.27441	-0.01709	-27.44141	-0.17090
-0.27075	-0.01709	-27.07520	-0.17090
-0.26758	-0.01709	-26.75781	-0.17090
-0.26587	-0.01709	-26.58691	-0.17090
-0.26270	-0.01709	-26.26953	-0.17090
-0.25977	-0.01709	-25.97656	-0.17090
-0.25781	-0.01709	-25.78125	-0.17090
-0.25513	-0.01709	-25.51270	-0.17090
-0.25317	-0.01709	-25.31738	-0.17090
-0.25024	-0.01709	-25.02441	-0.17090
-0.24731	-0.01709	-24.73145	-0.17090
-0.24390	-0.01709	-24.38965	-0.17090
-0.24316	-0.01709	-24.31641	-0.17090
-0.23999	-0.01709	-23.99902	-0.17090
-0.23755	-0.01465	-23.75488	-0.14648
-0.23511	-0.01465	-23.51074	-0.14648
-0.23291	-0.01709	-23.29102	-0.17090
-0.22974	-0.01709	-22.97363	-0.17090
-0.22705	-0.01465	-22.70508	-0.14648
-0.22510	-0.01465	-22.50977	-0.14648
-0.22266	-0.01465	-22.26563	-0.14648
-0.21924	-0.01465	-21.92383	-0.14648
-0.21655	-0.01465	-21.65527	-0.14648
-0.21411	-0.01465	-21.41113	-0.14648
-0.21265	-0.01465	-21.26465	-0.14648
-0.20850	-0.01465	-20.84961	-0.14648
-0.20654	-0.01465	-20.65430	-0.14648
-0.20459	-0.01465	-20.45898	-0.14648
-0.20166	-0.01465	-20.16602	-0.14648
-0.19849	-0.01465	-19.84863	-0.14648
-0.19604	-0.01465	-19.60449	-0.14648
-0.19458	-0.01465	-19.45801	-0.14648
-0.19141	-0.01465	-19.14063	-0.14648
-0.18872	-0.01465	-18.87207	-0.14648
-0.18579	-0.01465	-18.57910	-0.14648
-0.18311	-0.01221	-18.31055	-0.12207
-0.18164	-0.01221	-18.16406	-0.12207
-0.17798	-0.01465	-17.79785	-0.14648
-0.17651	-0.01221	-17.65137	-0.12207
-0.17358	-0.01465	-17.35840	-0.14648
-0.17041	-0.01221	-17.04102	-0.12207
-0.16724	-0.01465	-16.72363	-0.14648
-0.16553	-0.01221	-16.55273	-0.12207
-0.16382	-0.01221	-16.38184	-0.12207
-0.16016	-0.01465	-16.01563	-0.14648
-0.15747	-0.01221	-15.74707	-0.12207
-0.15454	-0.01221	-15.45410	-0.12207
-0.15308	-0.01221	-15.30762	-0.12207
-0.14990	-0.01221	-14.99023	-0.12207
-0.14771	-0.01221	-14.77051	-0.12207
-0.14575	-0.01221	-14.57520	-0.12207
-0.14233	-0.01221	-14.23340	-0.12207
-0.14087	-0.01221	-14.08691	-0.12207
-0.13794	-0.01221	-13.79395	-0.12207
-0.13477	-0.01221	-13.47656	-0.12207
-0.13232	-0.01221	-13.23242	-0.12207
-0.12866	-0.01221	-12.86621	-0.12207
-0.12769	-0.01221	-12.76855	-0.12207
-0.12524	-0.00977	-12.52441	-0.09766
-0.12256	-0.00977	-12.25586	-0.09766
-0.11938	-0.00977	-11.93848	-0.09766
-0.11646	-0.00977	-11.64551	-0.09766
-0.11499	-0.00977	-11.49902	-0.09766
-0.11182	-0.00977	-11.18164	-0.09766
-0.11011	-0.00977	-11.01074	-0.09766
-0.10767	-0.00977	-10.76660	-0.09766
-0.10425	-0.00977	-10.42480	-0.09766
-0.10132	-0.00732	-10.13184	-0.07324
-0.09888	-0.00977	-9.88770	-0.09766
-0.09717	-0.00977	-9.71680	-0.09766
-0.09351	-0.00732	-9.35059	-0.07324
-0.09131	-0.00977	-9.13086	-0.09766
-0.08813	-0.00977	-8.81348	-0.09766
-0.08594	-0.00977	-8.59375	-0.09766
-0.08350	-0.00732	-8.34961	-0.07324
-0.08032	-0.00732	-8.03223	-0.07324
-0.07813	-0.00732	-7.81250	-0.07324
-0.07642	-0.00732	-7.64160	-0.07324
-0.07324	-0.00732	-7.32422	-0.07324
-0.07056	-0.00732	-7.05566	-0.07324
-0.06812	-0.00732	-6.81152	-0.07324
-0.06592	-0.00732	-6.59180	-0.07324
-0.06299	-0.00488	-6.29883	-0.04883
-0.05981	-0.00732	-5.98145	-0.07324
-0.05908	-0.00488	-5.90820	-0.04883
-0.05469	-0.00488	-5.46875	-0.04883
-0.05322	-0.00488	-5.32227	-0.04883
-0.05005	-0.00488	-5.00488	-0.04883
-0.04834	-0.00244	-4.83398	-0.02441
-0.04565	-0.00244	-4.56543	-0.02441
-0.04346	-0.00244	-4.34570	-0.02441
-0.04004	-0.00244	-4.00391	-0.02441
-0.03833	-0.00244	-3.83301	-0.02441
-0.03491	-0.00244	-3.49121	-0.02441
-0.03223	-0.00244	-3.22266	-0.02441
-0.03052	0.00000	-3.05176	0.00000
-0.02686	0.00000	-2.68555	0.00000
-0.02563	0.00000	-2.56348	0.00000
-0.02319	0.00244	-2.31934	0.02441
-0.01929	0.00244	-1.92871	0.02441
-0.01611	0.00488	-1.61133	0.04883
-0.01538	0.00732	-1.53809	0.07324
-0.01245	0.00977	-1.24512	0.09766
-0.00977	0.00977	-0.97656	0.09766
-0.00781	0.01465	-0.78125	0.14648
-0.00513	0.02197	-0.51270	0.21973
-0.00269	0.03174	-0.26855	0.31738
0.00024	0.04883	0.02441	0.48828
0.00220	0.06836	0.21973	0.68359
0.00439	0.10498	0.43945	1.04980
0.00635	0.14893	0.63477	1.48926
0.00854	0.21973	0.85449	2.19727
0.01147	0.26367	1.14746	2.63672
0.01318	0.30273	1.31836	3.02734
0.01563	0.32471	1.56250	3.24707
0.01880	0.35156	1.87988	3.51563
0.02100	0.36621	2.09961	3.66211
0.02246	0.38086	2.24609	3.80859
0.02466	0.39795	2.46582	3.97949
0.02759	0.41016	2.75879	4.10156
0.02954	0.42725	2.95410	4.27246
0.03198	0.43945	3.19824	4.39453
0.03564	0.44922	3.56445	4.49219
0.03687	0.46143	3.68652	4.61426
0.03906	0.47363	3.90625	4.73633
0.04272	0.48340	4.27246	4.83398
0.04517	0.49561	4.51660	4.95605
0.04736	0.50293	4.73633	5.02930
0.05029	0.51514	5.02930	5.15137
0.05176	0.52246	5.17578	5.22461
0.05444	0.53223	5.44434	5.32227
0.05786	0.54443	5.78613	5.44434
0.05933	0.54932	5.93262	5.49316
0.06177	0.56152	6.17676	5.61523
0.06372	0.56885	6.37207	5.68848
0.06714	0.57861	6.71387	5.78613
0.06934	0.58594	6.93359	5.85938
0.07251	0.59570	7.25098	5.95703
0.07349	0.60303	7.34863	6.03027
0.07739	0.61279	7.73926	6.12793
0.07983	0.62012	7.98340	6.20117
0.08154	0.62988	8.15430	6.29883
0.08447	0.63477	8.44727	6.34766
0.08667	0.64209	8.66699	6.42090
0.08960	0.65186	8.95996	6.51855
0.09131	0.65918	9.13086	6.59180
0.09351	0.66650	9.35059	6.66504
0.09668	0.67383	9.66797	6.73828
0.09888	0.68115	9.88770	6.81152
0.10229	0.68848	10.22949	6.88477
0.10449	0.69580	10.44922	6.95801
0.10645	0.70313	10.64453	7.03125
0.10864	0.71045	10.86426	7.10449
0.11182	0.71777	11.18164	7.17773
0.11523	0.72266	11.52344	7.22656
0.11646	0.72998	11.64551	7.29980
0.11841	0.73730	11.84082	7.37305
0.12109	0.74463	12.10938	7.44629
0.12451	0.74951	12.45117	7.49512
0.12646	0.75684	12.64648	7.56836
0.12964	0.76172	12.96387	7.61719
0.13208	0.77148	13.20801	7.71484
0.13428	0.77881	13.42773	7.78809
0.13770	0.78369	13.76953	7.83691
0.13892	0.78857	13.89160	7.88574
0.14136	0.79834	14.13574	7.98340
0.14380	0.80078	14.37988	8.00781
0.14746	0.80811	14.74609	8.08105
0.14966	0.81299	14.96582	8.12988
0.15088	0.82031	15.08789	8.20313
0.15405	0.82520	15.40527	8.25195
0.15723	0.83252	15.72266	8.32520
0.15918	0.83740	15.91797	8.37402
0.16187	0.84229	16.18652	8.42285
0.16479	0.84961	16.47949	8.49609
0.16699	0.85693	16.69922	8.56934
0.16895	0.85938	16.89453	8.59375
0.17236	0.86670	17.23633	8.66699
0.17407	0.87402	17.40723	8.74023
0.17822	0.87646	17.82227	8.76465
0.17969	0.88379	17.96875	8.83789
0.18262	0.88867	18.26172	8.88672
0.18384	0.89600	18.38379	8.95996
0.18750	0.90088	18.75000	9.00879
0.18872	0.90576	18.87207	9.05762
0.19214	0.91064	19.21387	9.10645
0.19458	0.91553	19.45801	9.15527
0.19751	0.92285	19.75098	9.22852
0.19922	0.92773	19.92188	9.27734
0.20215	0.93506	20.21484	9.35059
0.20386	0.93994	20.38574	9.39941
0.20654	0.94482	20.65430	9.44824
0.20972	0.94971	20.97168	9.49707
0.21167	0.95703	21.16699	9.57031
0.21460	0.96191	21.45996	9.61914
0.21631	0.96680	21.63086	9.66797
0.21973	0.97168	21.97266	9.71680
0.22144	0.97900	22.14355	9.79004
0.22412	0.98389	22.41211	9.83887
0.22705	0.98633	22.70508	9.86328
0.22974	0.99121	22.97363	9.91211
0.23218	0.99854	23.21777	9.98535
0.23462	1.00342	23.46191	10.03418
0.23779	1.00830	23.77930	10.08301
0.23975	1.01318	23.97461	10.13184
0.24194	1.01807	24.19434	10.18066
0.24463	1.02295	24.46289	10.22949
0.24683	1.02783	24.68262	10.27832
0.24976	1.03271	24.97559	10.32715
0.25293	1.04004	25.29297	10.40039
0.25488	1.04248	25.48828	10.42480
0.25635	1.04980	25.63477	10.49805
0.26001	1.05225	26.00098	10.52246
0.26196	1.06201	26.19629	10.62012
0.26465	1.06445	26.46484	10.64453
0.26709	1.07178	26.70898	10.71777
0.26904	1.07178	26.90430	10.71777
0.27173	1.07910	27.17285	10.79102
0.27515	1.08398	27.51465	10.83984
0.27759	1.08887	27.75879	10.88867
0.28052	1.09375	28.05176	10.93750
0.28149	1.09863	28.14941	10.98633
0.28467	1.10596	28.46680	11.05957
0.28687	1.10840	28.68652	11.08398
0.29004	1.11328	29.00391	11.13281
0.29224	1.12061	29.22363	11.20605
0.29492	1.12305	29.49219	11.23047
0.29736	1.12793	29.73633	11.27930
0.30005	1.13281	30.00488	11.32813
0.30273	1.13770	30.27344	11.37695
0.30493	1.14258	30.49316	11.42578
0.30737	1.14746	30.73730	11.47461
0.31104	1.15234	31.10352	11.52344
0.31274	1.15723	31.27441	11.57227
0.31470	1.15967	31.46973	11.59668
0.31787	1.16699	31.78711	11.66992
0.32056	1.16943	32.05566	11.69434
0.32227	1.17676	32.22656	11.76758
0.32568	1.18164	32.56836	11.81641
0.32764	1.18652	32.76367	11.86523
0.32935	1.18896	32.93457	11.88965
0.33350	1.19385	33.34961	11.93848
0.33545	1.19629	33.54492	11.96289
0.33813	1.20117	33.81348	12.01172
0.33984	1.20850	33.98438	12.08496
0.34253	1.21582	34.25293	12.15820
0.34546	1.21826	34.54590	12.18262
0.34766	1.22314	34.76563	12.23145
0.35132	1.22803	35.13184	12.28027
0.35400	1.23535	35.40039	12.35352
0.35522	1.24023	35.52246	12.40234
0.35693	1.24268	35.69336	12.42676
0.36011	1.24756	36.01074	12.47559
0.36279	1.25244	36.27930	12.52441
0.36621	1.25732	36.62109	12.57324
0.36865	1.26221	36.86523	12.62207
0.37036	1.26709	37.03613	12.67090
0.37305	1.26953	37.30469	12.69531
0.37622	1.27441	37.62207	12.74414
0.37793	1.27930	37.79297	12.79297
0.38062	1.28662	38.06152	12.86621
0.38379	1.28662	38.37891	12.86621
0.38599	1.29150	38.59863	12.91504
0.38965	1.29639	38.96484	12.96387
0.39063	1.30127	39.06250	13.01270
0.39404	1.30615	39.40430	13.06152
0.39526	1.31104	39.52637	13.11035
0.39795	1.31592	39.79492	13.15918
0.40015	1.32080	40.01465	13.20801
0.40332	1.32324	40.33203	13.23242
0.40649	1.32813	40.64941	13.28125
0.40869	1.33301	40.86914	13.33008
0.41162	1.33545	41.16211	13.35449
0.41382	1.34277	41.38184	13.42773
0.41577	1.34521	41.57715	13.45215
0.41870	1.35254	41.87012	13.52539
0.42065	1.35498	42.06543	13.54980
0.42310	1.35986	42.30957	13.59863
0.42700	1.36230	42.70020	13.62305
0.42969	1.36963	42.96875	13.69629
